2 1
6 0
10 0
11 1
13 1
2 1
6 0
10 0
11 1
13 1
0 0
1 2
3 2
4 1
6 0
10 0
0 0
1 2
3 2
4 1
6 0
10 0
0 0
1 2
3 2
4 1
6 0
10 0
0 0
1 2
3 2
4 1
6 0
10 0
0 0
1 2
3 2
4 1
6 0
10 0
0 0
1 2
3 2
4 1
6 0
10 0
0 0
1 2
3 2
4 1
6 0
10 0
0 0
1 2
3 2
4 1
6 0
10 0
0 0
1 2
3 2
4 1
6 0
10 0
0 0
1 2
3 2
4 1
6 0
10 0
0 0
1 2
3 2
4 1
6 0
10 0
0 0
1 2
3 2
4 1
6 0
10 0
0 0
1 2
3 2
4 1
6 0
10 0
0 0
1 2
3 2
4 1
6 0
10 0
0 0
1 2
3 2
4 1
6 0
10 0
0 0
1 2
3 2
4 1
6 0
10 0
0 0
1 2
3 2
4 1
6 0
10 0
0 0
1 2
3 2
4 1
6 0
10 0
0 0
1 2
3 2
4 1
6 0
10 0
0 0
1 2
3 2
4 1
6 0
10 0
0 0
1 2
3 2
4 1
6 0
10 0
0 0
1 2
3 2
4 1
6 0
10 0
0 0
1 2
3 2
4 1
6 0
10 0
0 0
1 2
3 2
4 1
6 0
10 0
0 0
1 2
3 2
4 1
6 0
10 0
0 0
1 2
3 2
4 1
6 0
10 0
0 0
1 2
3 2
4 1
6 0
10 0
0 0
1 2
3 2
4 1
6 0
10 0
0 0
1 2
3 2
4 1
6 0
10 0
0 0
1 2
3 2
4 1
6 0
10 0
0 0
1 2
3 2
4 1
6 0
10 0
0 0
1 2
3 2
4 1
6 0
10 0
0 0
1 2
3 2
4 1
6 0
10 0
0 0
1 2
3 2
4 1
6 0
10 0
0 0
1 2
3 2
4 1
6 0
10 0
0 0
1 2
3 2
4 1
6 0
10 0
0 0
1 2
3 2
4 1
6 0
10 0
0 0
1 2
3 2
4 1
6 0
10 0
0 0
1 2
3 2
4 1
6 0
10 0
0 0
1 2
3 2
4 1
6 0
10 0
0 0
1 2
3 2
4 1
6 0
10 0
0 0
1 2
3 2
4 1
6 0
10 0
0 0
1 2
3 2
4 1
6 0
10 0
0 0
1 2
3 2
4 1
6 0
10 0
0 0
1 2
3 2
4 1
6 0
10 0
14 2
16 3
0 0
1 2
3 2
4 1
6 0
10 0
14 2
16 3
0 0
1 2
3 2
4 1
6 0
10 0
14 2
16 3
0 0
1 2
3 2
4 1
6 0
10 0
14 2
16 3
0 0
1 2
3 2
4 1
6 0
10 0
14 2
16 3
0 0
1 2
3 2
4 1
6 0
10 0
0 0
1 2
3 2
4 1
6 0
10 0
0 0
1 2
3 2
4 1
6 0
10 0
0 0
1 2
3 2
4 1
6 0
10 0
0 0
1 2
3 2
4 1
6 0
10 0
0 0
1 2
3 2
4 1
6 0
10 0
1 2
2 1
3 2
10 0
1 2
2 1
3 2
10 0
1 2
2 1
3 2
10 0
1 2
2 1
3 2
10 0
1 2
2 1
3 2
10 0
1 2
2 1
3 2
10 0
1 2
2 1
3 2
10 0
1 2
2 1
3 2
10 0
1 2
2 1
3 2
10 0
1 2
2 1
3 2
10 0
1 2
2 1
3 2
10 0
1 2
2 1
3 2
10 0
1 2
2 1
3 2
10 0
1 2
2 1
3 2
10 0
1 2
2 1
3 2
10 0
1 2
2 1
3 2
10 0
1 2
2 1
3 2
10 0
1 2
2 1
3 2
10 0
1 2
2 1
3 2
10 0
1 2
2 1
3 2
10 0
1 2
2 1
3 2
10 0
1 2
2 1
3 2
10 0
1 2
2 1
3 2
10 0
1 2
4 3
5 0
6 2
7 1
15 0
1 2
4 3
5 0
6 2
7 1
15 0
1 2
4 3
5 0
6 2
7 1
15 0
1 2
4 3
5 0
6 2
7 1
15 0
4 3
6 2
7 1
15 0
1 2
4 3
5 0
7 1
1 2
4 3
5 0
6 2
7 1
15 0
1 2
4 3
5 0
6 2
7 1
15 0
1 2
4 3
5 0
6 2
7 1
15 0
