11 1
13 1
11 1
13 1
11 1
13 1
11 1
13 1
11 1
13 1
11 1
13 1
11 1
13 1
11 1
13 1
11 1
13 1
11 1
13 1
11 1
13 1
11 1
13 1
11 1
13 1
11 1
13 1
11 1
13 1
11 1
13 1
11 1
13 1
11 1
13 1
11 1
13 1
11 1
13 1
11 1
13 1
11 1
13 1
11 1
13 1
11 1
13 1
11 1
13 1
11 1
13 1
11 1
13 1
11 1
13 1
11 1
13 1
11 1
13 1
11 1
13 1
11 1
13 1
11 1
13 1
11 1
13 1
11 1
13 1
11 1
13 1
11 1
13 1
11 1
13 1
11 1
13 1
11 1
13 1
11 1
13 1
11 1
13 1
11 1
13 1
11 1
13 1
11 1
13 1
11 1
13 1
11 1
13 1
11 1
13 1
11 1
13 1
11 1
13 1
11 1
13 1
11 1
13 1
11 1
13 1
11 1
13 1
11 1
13 1
4 1
6 0
8 1
9 3
4 1
6 0
8 1
9 3
4 1
6 0
8 1
9 3
4 1
6 0
8 1
9 3
4 1
6 0
8 1
9 3
4 1
6 0
8 1
9 3
4 1
6 0
8 1
9 3
4 1
6 0
8 1
9 3
4 1
6 0
8 1
9 3
4 1
6 0
8 1
9 3
4 1
6 0
8 1
9 3
4 1
6 0
8 1
9 3
4 1
6 0
8 1
9 3
4 1
6 0
8 1
9 3
4 1
6 0
8 1
9 3
4 1
6 0
8 1
9 3
4 1
6 0
8 1
9 3
4 1
6 0
8 1
9 3
4 1
6 0
8 1
9 3
4 1
6 0
8 1
9 3
4 1
6 0
8 1
9 3
4 1
6 0
8 1
9 3
4 1
6 0
8 1
9 3
10 1
11 2
10 1
11 2
10 1
11 2
10 1
10 1
11 2
10 1
11 2
10 1
11 2
10 1
11 2
10 1
11 2
